10100000000100000010000000000101
10100010000100000010000000000100
10010000001111000000000000010001
10100000000100000010000000000101
10100000000100000010000000000101
10100010000100000010000000000100
10010000001111000000000000010001
10100000000100000010000000000101
10100000000100000010000000000101
10100010000100000010000000000100
10010000001111000000000000010001
10100000000100000010000000000101
10100000000100000010000000000101
10100010000100000010000000000100
10010000001111000000000000010001
10100000000100000010000000000101
10100000000100000010000000000101
10100010000100000010000000000100
10010000001111000000000000010001
10100000000100000010000000000101
10100000000100000010000000000101
10100010000100000010000000000100
10010000001111000000000000010001
10100000000100000010000000000101
10100000000100000010000000000101
10100010000100000010000000000100
10010000001111000000000000010001
10100000000100000010000000000101
10100000000100000010000000000101
10100010000100000010000000000100
10010000001111000000000000010001
10100000000100000010000000000101
10100000000100000010000000000101
10100010000100000010000000000100
10010000001111000000000000010001
10100000000100000010000000000101
10100000000100000010000000000101
10100010000100000010000000000100
10010000001111000000000000010001
10100000000100000010000000000101
10100000000100000010000000000101
10100010000100000010000000000100
10010000001111000000000000010001
10100000000100000010000000000101
10100000000100000010000000000101
10100010000100000010000000000100
10010000001111000000000000010001
10100000000100000010000000000101
10100000000100000010000000000101
10100010000100000010000000000100
10010000001111000000000000010001
10100000000100000010000000000101
10100000000100000010000000000101
10100010000100000010000000000100
10010000001111000000000000010001
10100000000100000010000000000101
10100000000100000010000000000101
10100010000100000010000000000100
10010000001111000000000000010001
10100000000100000010000000000101
10100000000100000010000000000101
10100010000100000010000000000100
10010000001111000000000000010001
10100000000100000010000000000101